{
 "cells": [
  {
   "cell_type": "code",
   "execution_count": 6,
   "id": "930c6c9f",
   "metadata": {},
   "outputs": [
    {
     "name": "stdout",
     "output_type": "stream",
     "text": [
      "count                                                      53\n",
      "title                           아파트 공시가격 기초자료 나왔지만…여전히 부족한 설명\n",
      "category                                                  300\n",
      "content              (서울=연합뉴스) 윤종석 홍국기 기자 = 아파트 등 공동주택의 공시...\n",
      "Name: 52, dtype: object\n",
      "     count                                    title category  \\\n",
      "48      49          토지거래허가前 매수세 몰려…서울 아파트값 3주 연속 강세      300   \n",
      "49      50      [Q&A] \"수도권 신규택지 하반기 발표…투기 기대이익 최소화\"      300   \n",
      "50      51            1분기 최대매출 삼성전자…2분기는 D램·가전이 이끈다      300   \n",
      "51      52            고달픈 서울살이 10가구중 4가구가 부채…평균 1억원      300   \n",
      "52      53            아파트 공시가격 기초자료 나왔지만…여전히 부족한 설명      300   \n",
      "53      54        [단독] 노동계 내년 최저임금 1만1000원 안팎 요구할 듯      300   \n",
      "54      55  S&P, 한국 국가신용등급 AA 유지…\"양호한 성장세 반영\"(종합2보)      300   \n",
      "55      56         \"집주인이 앉은 자리서 1억 더 불러도 몸이 달아 사더라\"      300   \n",
      "118    119                GTX-D 김포-부천 확정에…실망 매물 늘었다      300   \n",
      "119    120      만년 2위의 반란?…연일 최고치 이더, 비트코인 넘어설까(종합)      300   \n",
      "120    121  3월 생산·소비 동반 상승…소매판매 2.3%↑ 7개월 만에 최대(상보)      300   \n",
      "121    122               장바구니 물가 고공행진 여전…소비자 시름 깊어져      300   \n",
      "169    184         경찰, 불가리스 코로나 억제 남양유업 본사 등 압색(종합)      300   \n",
      "416    587           다시 가즈아~ 비트코인 8%-도지코인 9% 급등(종합)      300   \n",
      "558    832               내일 공매도 1년2개월 만에 부활…증시 괜찮을까      300   \n",
      "559    833          종부세 대상 곧 100만명…놔두기도 손대기도 어려운 뇌관      300   \n",
      "560    834            대주주 논란 재연?…가상자산 내년 과세 일단 예정대로      300   \n",
      "607    902    일반 소비자가 내는 택배비도 인상…한진 2천원·롯데 1천원↑(종합)      300   \n",
      "744   1099      국토부 \"2·4대책 주춤?…1기 신도시 3배 물량분 이미 확보\"      300   \n",
      "745   1100             작년 중소기업 취업자 비중 90% 턱걸이…사상 최저      300   \n",
      "746   1101          양도세 중과·종부세 인상 한달 앞으로…\"수정·보완 없다\"      300   \n",
      "790   1158       서울·수도권 집값 두달 연속 상승폭 둔화…보유세 부담 등 영향      300   \n",
      "905   1301          3배수익 보장한다더니 돌려막기…무너진 가상화폐 대박의 꿈      300   \n",
      "906   1302           여전히 비싼 장바구니 물가…\"채솟값, 이달부터 안정화\"      300   \n",
      "907   1303        신풍제약 등 22종목, 오늘 공매도 못한다…제약·바이오 절반      300   \n",
      "908   1304         전기·수도·가스 빼고 다 올랐다…4월 소비자물가 2.3%↑      300   \n",
      "\n",
      "                                               content  \n",
      "48            부동산원 조사…여의도·목동 재건축 단지 신고가 등 거래 활발[연합뉴...  \n",
      "49       (세종=연합뉴스) 김주형 기자 = 김규철 공공주택추진단장이 21일 오전 세종...  \n",
      "50       삼성전자가 연결재무제표 기준으로 2021년 1분기 매출액이 65조3885억원...  \n",
      "51       서울 강남구 압구정동 일대 아파트 단지 모습. 2021.4.27/뉴스1 ⓒ ...  \n",
      "52            (서울=연합뉴스) 윤종석 홍국기 기자 = 아파트 등 공동주택의 공시...  \n",
      "53         올 8720원보다 26% 넘게 올려  최저위 위원 “내달말 액수 확정” ...  \n",
      "54            \"韓 견고한 성장세가 코로나19로 크게 훼손될 가능성 낮아\"2024...  \n",
      "55         압구정 아파트 5억 껑충…\"토지거래허가 규제 전 사자\"\\r 거래허가제가 ...  \n",
      "118        \"하루에 수개씩 매물 나오는 중\"\\r김포 아파트 매물 5290개\\r작년 ...  \n",
      "119      이더리움 홈피 갈무리   (서울=뉴스1) 박형기 기자 = 최근 이더리움이 연...  \n",
      "120      강남역 인근 거리에서 사람들이 걸어가고 있는 모습.ⓒ 뉴스1DB   (세종=...  \n",
      "121      연초부터 가파르게 상승한 장바구니 물가가 좀처럼 안정되지 않고 있어 소비자들...  \n",
      "169    (서울=연합뉴스) 임헌정 기자 = 서울경찰청 금융범죄수사대 관계자들이 30일 오...  \n",
      "416      이 시각 현재 주요 암호화폐 가격 동향 - 코인마켓캡 갈무리   (서울=뉴스...  \n",
      "558           \"시장 방향성 바꾸기는 어려워…종목별 단기 변동 가능성\"지난 4월 ...  \n",
      "559           예상치 못한 주택가격 급등에 과세 대상 매년 수십만명씩 늘어부과 기...  \n",
      "560           여당 주요 보직자와 홍남기, 과세 방침 재확인서울 빗썸 강남센터. ...  \n",
      "607           기업 고객 인상폭 150~250원보다 커 형평성 논란    [연합뉴...  \n",
      "744      ⓒ News1 김일환 디자이너   (서울=뉴스1) 김희준 기자 = 지난달 예...  \n",
      "745    90.1%로 3년 연속 하락…월별로는 올해 3월까지 6개월째 90% 하회    ...  \n",
      "746           다주택자 양도세 최고세율 75%…종부세율도 0.6~2.8%p 인상[...  \n",
      "790           4월 서울 주택가격 0.35%↑…재건축·중저가 아파트가 상승 주도경...  \n",
      "905           경찰, 유명 가상화폐 거래소 사기 혐의 수사…고령층·주부 주로 피해...  \n",
      "906           \"대파, 6월 평년 수준 회복…소고기·돼지고기 강세 당분간 유지\"[...  \n",
      "907      코스피200·코스닥150 등 대형주에 대한 공매도가 재개된 3일 오후 서울 ...  \n",
      "908     지난달 소비자물가가 3년8개월 만에 가장 큰 폭으로 뛰었다. 전기·수도·가스 ...  \n",
      "    count                                    title category  \\\n",
      "0      49          토지거래허가前 매수세 몰려…서울 아파트값 3주 연속 강세      300   \n",
      "1      50      [Q&A] \"수도권 신규택지 하반기 발표…투기 기대이익 최소화\"      300   \n",
      "2      51            1분기 최대매출 삼성전자…2분기는 D램·가전이 이끈다      300   \n",
      "3      52            고달픈 서울살이 10가구중 4가구가 부채…평균 1억원      300   \n",
      "4      53            아파트 공시가격 기초자료 나왔지만…여전히 부족한 설명      300   \n",
      "5      54        [단독] 노동계 내년 최저임금 1만1000원 안팎 요구할 듯      300   \n",
      "6      55  S&P, 한국 국가신용등급 AA 유지…\"양호한 성장세 반영\"(종합2보)      300   \n",
      "7      56         \"집주인이 앉은 자리서 1억 더 불러도 몸이 달아 사더라\"      300   \n",
      "8     119                GTX-D 김포-부천 확정에…실망 매물 늘었다      300   \n",
      "9     120      만년 2위의 반란?…연일 최고치 이더, 비트코인 넘어설까(종합)      300   \n",
      "10    121  3월 생산·소비 동반 상승…소매판매 2.3%↑ 7개월 만에 최대(상보)      300   \n",
      "11    122               장바구니 물가 고공행진 여전…소비자 시름 깊어져      300   \n",
      "12    184         경찰, 불가리스 코로나 억제 남양유업 본사 등 압색(종합)      300   \n",
      "13    587           다시 가즈아~ 비트코인 8%-도지코인 9% 급등(종합)      300   \n",
      "14    832               내일 공매도 1년2개월 만에 부활…증시 괜찮을까      300   \n",
      "15    833          종부세 대상 곧 100만명…놔두기도 손대기도 어려운 뇌관      300   \n",
      "16    834            대주주 논란 재연?…가상자산 내년 과세 일단 예정대로      300   \n",
      "17    902    일반 소비자가 내는 택배비도 인상…한진 2천원·롯데 1천원↑(종합)      300   \n",
      "18   1099      국토부 \"2·4대책 주춤?…1기 신도시 3배 물량분 이미 확보\"      300   \n",
      "19   1100             작년 중소기업 취업자 비중 90% 턱걸이…사상 최저      300   \n",
      "20   1101          양도세 중과·종부세 인상 한달 앞으로…\"수정·보완 없다\"      300   \n",
      "21   1158       서울·수도권 집값 두달 연속 상승폭 둔화…보유세 부담 등 영향      300   \n",
      "22   1301          3배수익 보장한다더니 돌려막기…무너진 가상화폐 대박의 꿈      300   \n",
      "23   1302           여전히 비싼 장바구니 물가…\"채솟값, 이달부터 안정화\"      300   \n",
      "24   1303        신풍제약 등 22종목, 오늘 공매도 못한다…제약·바이오 절반      300   \n",
      "25   1304         전기·수도·가스 빼고 다 올랐다…4월 소비자물가 2.3%↑      300   \n",
      "\n",
      "                                              content  \n",
      "0            부동산원 조사…여의도·목동 재건축 단지 신고가 등 거래 활발[연합뉴...  \n",
      "1       (세종=연합뉴스) 김주형 기자 = 김규철 공공주택추진단장이 21일 오전 세종...  \n",
      "2       삼성전자가 연결재무제표 기준으로 2021년 1분기 매출액이 65조3885억원...  \n",
      "3       서울 강남구 압구정동 일대 아파트 단지 모습. 2021.4.27/뉴스1 ⓒ ...  \n",
      "4            (서울=연합뉴스) 윤종석 홍국기 기자 = 아파트 등 공동주택의 공시...  \n",
      "5         올 8720원보다 26% 넘게 올려  최저위 위원 “내달말 액수 확정” ...  \n",
      "6            \"韓 견고한 성장세가 코로나19로 크게 훼손될 가능성 낮아\"2024...  \n",
      "7         압구정 아파트 5억 껑충…\"토지거래허가 규제 전 사자\"\\r 거래허가제가 ...  \n",
      "8         \"하루에 수개씩 매물 나오는 중\"\\r김포 아파트 매물 5290개\\r작년 ...  \n",
      "9       이더리움 홈피 갈무리   (서울=뉴스1) 박형기 기자 = 최근 이더리움이 연...  \n",
      "10      강남역 인근 거리에서 사람들이 걸어가고 있는 모습.ⓒ 뉴스1DB   (세종=...  \n",
      "11      연초부터 가파르게 상승한 장바구니 물가가 좀처럼 안정되지 않고 있어 소비자들...  \n",
      "12    (서울=연합뉴스) 임헌정 기자 = 서울경찰청 금융범죄수사대 관계자들이 30일 오...  \n",
      "13      이 시각 현재 주요 암호화폐 가격 동향 - 코인마켓캡 갈무리   (서울=뉴스...  \n",
      "14           \"시장 방향성 바꾸기는 어려워…종목별 단기 변동 가능성\"지난 4월 ...  \n",
      "15           예상치 못한 주택가격 급등에 과세 대상 매년 수십만명씩 늘어부과 기...  \n",
      "16           여당 주요 보직자와 홍남기, 과세 방침 재확인서울 빗썸 강남센터. ...  \n",
      "17           기업 고객 인상폭 150~250원보다 커 형평성 논란    [연합뉴...  \n",
      "18      ⓒ News1 김일환 디자이너   (서울=뉴스1) 김희준 기자 = 지난달 예...  \n",
      "19    90.1%로 3년 연속 하락…월별로는 올해 3월까지 6개월째 90% 하회    ...  \n",
      "20           다주택자 양도세 최고세율 75%…종부세율도 0.6~2.8%p 인상[...  \n",
      "21           4월 서울 주택가격 0.35%↑…재건축·중저가 아파트가 상승 주도경...  \n",
      "22           경찰, 유명 가상화폐 거래소 사기 혐의 수사…고령층·주부 주로 피해...  \n",
      "23           \"대파, 6월 평년 수준 회복…소고기·돼지고기 강세 당분간 유지\"[...  \n",
      "24      코스피200·코스닥150 등 대형주에 대한 공매도가 재개된 3일 오후 서울 ...  \n",
      "25     지난달 소비자물가가 3년8개월 만에 가장 큰 폭으로 뛰었다. 전기·수도·가스 ...  \n",
      "[[1.         0.11684242 0.07538686 0.07391038 0.16196666 0.03010926\n",
      "  0.18066147 0.45730275 0.07652494 0.03820363 0.11110023 0.14084092\n",
      "  0.10621252 0.03396001 0.05926138 0.0752564  0.04842946 0.05697316\n",
      "  0.08717422 0.05809142 0.17711952 0.63678616 0.13305941 0.18701111\n",
      "  0.04755797 0.18780657]\n",
      " [0.11684242 1.         0.11573446 0.06526019 0.16876777 0.04198859\n",
      "  0.29436263 0.08450974 0.06401666 0.06784547 0.07550019 0.19744845\n",
      "  0.18850016 0.08107972 0.05609629 0.15244792 0.12993551 0.06912824\n",
      "  0.3597573  0.04746452 0.29072782 0.10368777 0.2376805  0.1440302\n",
      "  0.04299624 0.06203338]\n",
      " [0.07538686 0.11573446 1.         0.21323987 0.14331814 0.05719704\n",
      "  0.2614886  0.10621656 0.05417679 0.1377208  0.27669496 0.24690204\n",
      "  0.39210129 0.11835286 0.04672137 0.0632071  0.07889395 0.06039671\n",
      "  0.13926895 0.07445364 0.05313372 0.06554387 0.13395794 0.18556429\n",
      "  0.05633218 0.07936476]\n",
      " [0.07391038 0.06526019 0.21323987 1.         0.22157439 0.04650314\n",
      "  0.12383705 0.12785291 0.03238673 0.07625819 0.20595682 0.23652736\n",
      "  0.13053145 0.05681912 0.00934731 0.0754468  0.02656979 0.01972527\n",
      "  0.22423097 0.03839588 0.05327889 0.11286589 0.09272157 0.04118083\n",
      "  0.06698943 0.07118821]\n",
      " [0.16196666 0.16876777 0.14331814 0.22157439 1.         0.05581824\n",
      "  0.19959206 0.19643589 0.10015824 0.09097642 0.06125307 0.14209488\n",
      "  0.15846621 0.08608485 0.07091841 0.21241543 0.10321074 0.08090288\n",
      "  0.15031686 0.03803493 0.17410583 0.24144572 0.22823097 0.12188175\n",
      "  0.04171173 0.08007782]\n",
      " [0.03010926 0.04198859 0.05719704 0.04650314 0.05581824 1.\n",
      "  0.10913234 0.07005475 0.02933478 0.0307234  0.06079175 0.11754395\n",
      "  0.04397446 0.03653405 0.01852731 0.02369633 0.03891597 0.1124943\n",
      "  0.07177774 0.05263095 0.05882724 0.03323831 0.04988528 0.04208578\n",
      "  0.03198559 0.03848606]\n",
      " [0.18066147 0.29436263 0.2614886  0.12383705 0.19959206 0.10913234\n",
      "  1.         0.18544624 0.10416649 0.11295835 0.14375127 0.26021927\n",
      "  0.39541305 0.1057703  0.1248595  0.19183742 0.11948661 0.10639048\n",
      "  0.11256151 0.09545568 0.31829241 0.15769887 0.24326475 0.40869386\n",
      "  0.05095547 0.23098775]\n",
      " [0.45730275 0.08450974 0.10621656 0.12785291 0.19643589 0.07005475\n",
      "  0.18544624 1.         0.15843199 0.14578356 0.06904631 0.14578611\n",
      "  0.1529205  0.11927581 0.06736883 0.09423761 0.06718004 0.05117817\n",
      "  0.13929291 0.04191009 0.07195894 0.12960158 0.14397919 0.16682301\n",
      "  0.06761039 0.14589776]\n",
      " [0.07652494 0.06401666 0.05417679 0.03238673 0.10015824 0.02933478\n",
      "  0.10416649 0.15843199 1.         0.09216022 0.0410761  0.15390736\n",
      "  0.07116129 0.10085997 0.03539    0.05970792 0.03927178 0.02470134\n",
      "  0.07171644 0.03749136 0.10707724 0.16244147 0.09153192 0.07772877\n",
      "  0.01349829 0.06506462]\n",
      " [0.03820363 0.06784547 0.1377208  0.07625819 0.09097642 0.0307234\n",
      "  0.11295835 0.14578356 0.09216022 1.         0.10808349 0.18337601\n",
      "  0.05895203 0.65028115 0.03294982 0.05156426 0.05905339 0.02689701\n",
      "  0.09279415 0.03520811 0.04562717 0.01998625 0.27800103 0.05721804\n",
      "  0.04275113 0.05796546]\n",
      " [0.11110023 0.07550019 0.27669496 0.20595682 0.06125307 0.06079175\n",
      "  0.14375127 0.06904631 0.0410761  0.10808349 1.         0.18991373\n",
      "  0.1213813  0.13225062 0.07255244 0.04039765 0.08202146 0.06701564\n",
      "  0.20899102 0.05585699 0.05820574 0.20643133 0.04377751 0.31273721\n",
      "  0.06333392 0.32444632]\n",
      " [0.14084092 0.19744845 0.24690204 0.23652736 0.14209488 0.11754395\n",
      "  0.26021927 0.14578611 0.15390736 0.18337601 0.18991373 1.\n",
      "  0.22619418 0.25056114 0.08739284 0.14890515 0.0973382  0.11343858\n",
      "  0.23584061 0.08578468 0.12642831 0.10709898 0.29653874 0.33712886\n",
      "  0.07902775 0.20421529]\n",
      " [0.10621252 0.18850016 0.39210129 0.13053145 0.15846621 0.04397446\n",
      "  0.39541305 0.1529205  0.07116129 0.05895203 0.1213813  0.22619418\n",
      "  1.         0.06303432 0.07279621 0.11984875 0.07156297 0.07242316\n",
      "  0.14057762 0.05057338 0.12730631 0.10325249 0.27981965 0.20128915\n",
      "  0.02758154 0.02757344]\n",
      " [0.03396001 0.08107972 0.11835286 0.05681912 0.08608485 0.03653405\n",
      "  0.1057703  0.11927581 0.10085997 0.65028115 0.13225062 0.25056114\n",
      "  0.06303432 1.         0.05881737 0.07062665 0.08037658 0.03486968\n",
      "  0.0841561  0.01085115 0.03711165 0.02743584 0.28967421 0.08250303\n",
      "  0.02327554 0.11389031]\n",
      " [0.05926138 0.05609629 0.04672137 0.00934731 0.07091841 0.01852731\n",
      "  0.1248595  0.06736883 0.03539    0.03294982 0.07255244 0.08739284\n",
      "  0.07279621 0.05881737 1.         0.03786607 0.05230384 0.04608504\n",
      "  0.04167447 0.02527773 0.05076151 0.07098722 0.08562971 0.11574576\n",
      "  0.70276282 0.12082852]\n",
      " [0.0752564  0.15244792 0.0632071  0.0754468  0.21241543 0.02369633\n",
      "  0.19183742 0.09423761 0.05970792 0.05156426 0.04039765 0.14890515\n",
      "  0.11984875 0.07062665 0.03786607 1.         0.25600389 0.0647125\n",
      "  0.0847128  0.02171688 0.34397958 0.08804477 0.18769557 0.10559829\n",
      "  0.02811791 0.03270073]\n",
      " [0.04842946 0.12993551 0.07889395 0.02656979 0.10321074 0.03891597\n",
      "  0.11948661 0.06718004 0.03927178 0.05905339 0.08202146 0.0973382\n",
      "  0.07156297 0.08037658 0.05230384 0.25600389 1.         0.06858867\n",
      "  0.06440427 0.01946886 0.11273409 0.03749417 0.19557061 0.11285133\n",
      "  0.01568252 0.02808997]\n",
      " [0.05697316 0.06912824 0.06039671 0.01972527 0.08090288 0.1124943\n",
      "  0.10639048 0.05117817 0.02470134 0.02689701 0.06701564 0.11343858\n",
      "  0.07242316 0.03486968 0.04608504 0.0647125  0.06858867 1.\n",
      "  0.0382222  0.02350621 0.10090676 0.06259017 0.09703181 0.11808048\n",
      "  0.03485027 0.06114031]\n",
      " [0.08717422 0.3597573  0.13926895 0.22423097 0.15031686 0.07177774\n",
      "  0.11256151 0.13929291 0.07171644 0.09279415 0.20899102 0.23584061\n",
      "  0.14057762 0.0841561  0.04167447 0.0847128  0.06440427 0.0382222\n",
      "  1.         0.01650768 0.1205372  0.1328341  0.17264941 0.11090732\n",
      "  0.05910669 0.06761703]\n",
      " [0.05809142 0.04746452 0.07445364 0.03839588 0.03803493 0.05263095\n",
      "  0.09545568 0.04191009 0.03749136 0.03520811 0.05585699 0.08578468\n",
      "  0.05057338 0.01085115 0.02527773 0.02171688 0.01946886 0.02350621\n",
      "  0.01650768 1.         0.08411063 0.07141088 0.04306843 0.06895101\n",
      "  0.05397789 0.06641645]\n",
      " [0.17711952 0.29072782 0.05313372 0.05327889 0.17410583 0.05882724\n",
      "  0.31829241 0.07195894 0.10707724 0.04562717 0.05820574 0.12642831\n",
      "  0.12730631 0.03711165 0.05076151 0.34397958 0.11273409 0.10090676\n",
      "  0.1205372  0.08411063 1.         0.27214503 0.16180268 0.16447187\n",
      "  0.06601801 0.07572597]\n",
      " [0.63678616 0.10368777 0.06554387 0.11286589 0.24144572 0.03323831\n",
      "  0.15769887 0.12960158 0.16244147 0.01998625 0.20643133 0.10709898\n",
      "  0.10325249 0.02743584 0.07098722 0.08804477 0.03749417 0.06259017\n",
      "  0.1328341  0.07141088 0.27214503 1.         0.09479402 0.17491806\n",
      "  0.02449477 0.25094753]\n",
      " [0.13305941 0.2376805  0.13395794 0.09272157 0.22823097 0.04988528\n",
      "  0.24326475 0.14397919 0.09153192 0.27800103 0.04377751 0.29653874\n",
      "  0.27981965 0.28967421 0.08562971 0.18769557 0.19557061 0.09703181\n",
      "  0.17264941 0.04306843 0.16180268 0.09479402 1.         0.2555842\n",
      "  0.03150174 0.05034729]\n",
      " [0.18701111 0.1440302  0.18556429 0.04118083 0.12188175 0.04208578\n",
      "  0.40869386 0.16682301 0.07772877 0.05721804 0.31273721 0.33712886\n",
      "  0.20128915 0.08250303 0.11574576 0.10559829 0.11285133 0.11808048\n",
      "  0.11090732 0.06895101 0.16447187 0.17491806 0.2555842  1.\n",
      "  0.01239607 0.33810835]\n",
      " [0.04755797 0.04299624 0.05633218 0.06698943 0.04171173 0.03198559\n",
      "  0.05095547 0.06761039 0.01349829 0.04275113 0.06333392 0.07902775\n",
      "  0.02758154 0.02327554 0.70276282 0.02811791 0.01568252 0.03485027\n",
      "  0.05910669 0.05397789 0.06601801 0.02449477 0.03150174 0.01239607\n",
      "  1.         0.01184687]\n",
      " [0.18780657 0.06203338 0.07936476 0.07118821 0.08007782 0.03848606\n",
      "  0.23098775 0.14589776 0.06506462 0.05796546 0.32444632 0.20421529\n",
      "  0.02757344 0.11389031 0.12082852 0.03270073 0.02808997 0.06114031\n",
      "  0.06761703 0.06641645 0.07572597 0.25094753 0.05034729 0.33810835\n",
      "  0.01184687 1.        ]]\n",
      "(26, 26)\n",
      "[(0, 0.16196666024193207), (1, 0.16876777224134246), (2, 0.14331813564933168), (3, 0.22157438833625154), (4, 0.9999999999999999), (5, 0.0558182358359348), (6, 0.1995920572422047), (7, 0.19643588615199545), (8, 0.10015823837533835), (9, 0.09097641558704826), (10, 0.06125307118042277), (11, 0.14209487810409702), (12, 0.15846620725644495), (13, 0.08608484868803809), (14, 0.0709184124395015), (15, 0.21241542666305582), (16, 0.10321073899788583), (17, 0.08090287890443902), (18, 0.1503168576844621), (19, 0.03803493418451328), (20, 0.174105834543213), (21, 0.24144571688513913), (22, 0.22823097203878995), (23, 0.12188174963494973), (24, 0.04171173352085959), (25, 0.08007782400152726)]\n",
      "[(21, 0.24144571688513913), (22, 0.22823097203878995), (3, 0.22157438833625154), (15, 0.21241542666305582), (6, 0.1995920572422047)]\n",
      "아파트 공시가격 기초자료 나왔지만…여전히 부족한 설명\n",
      "21         서울·수도권 집값 두달 연속 상승폭 둔화…보유세 부담 등 영향\n",
      "22            3배수익 보장한다더니 돌려막기…무너진 가상화폐 대박의 꿈\n",
      "3               고달픈 서울살이 10가구중 4가구가 부채…평균 1억원\n",
      "15            종부세 대상 곧 100만명…놔두기도 손대기도 어려운 뇌관\n",
      "6     S&P, 한국 국가신용등급 AA 유지…\"양호한 성장세 반영\"(종합2보)\n",
      "Name: title, dtype: object\n",
      "[1158, 1301, 52, 833, 55]\n",
      "<class 'list'>\n"
     ]
    },
    {
     "data": {
      "text/plain": [
       "[1158, 1301, 52, 833, 55]"
      ]
     },
     "execution_count": 6,
     "metadata": {},
     "output_type": "execute_result"
    }
   ],
   "source": [
    "def cosine_sim(count):\n",
    "    # db에서 모든 기사 count, 내용 가져오기\n",
    "    db = 'NEWS1000'\n",
    "    SQL='SELECT COUNT, TITLE, CATEGORY, COMPANY FROM '+ db + ';'\n",
    "    curs.execute(SQL)\n",
    "    temp=curs.fetchall()\n",
    "    df = pd.DataFrame(list(temp), columns=['count', 'title', 'category', 'content'])\n",
    "    \n",
    "    # count에 해당하는 기사 카테고리 가져오기\n",
    "    count_idx = (df[df['count']==count].index.tolist())[0]\n",
    "    this_category = df.loc[count_idx,'category']\n",
    "    print(df.loc[count_idx, :])\n",
    "    \n",
    "#     # count를 인덱스로 설정\n",
    "#     df.set_index('count', inplace = True)\n",
    "    \n",
    "    # 같은 카테고리 기사로 추천 범위를 좁힘\n",
    "    diff_category = df[df['category'] != this_category].index\n",
    "#     print(diff_category)\n",
    "    df = df.drop(diff_category)\n",
    "    print(df)\n",
    "    \n",
    "    # 열'count'의 값이 count인 기사의 행 번호 가져오기\n",
    "    df.reset_index(drop = True, inplace = True)\n",
    "    count_idx2 = df.index[df['count'] == count].tolist()[0]\n",
    "    print(df)\n",
    "#    print(df.index[df['count'] == count].tolist()[0])\n",
    "#     print(df.iloc[6])\n",
    "    \n",
    "    # doc: 기사 본문(문서)\n",
    "    # tfidf_mat: 문서들을 벡터화함\n",
    "    doc = list(df['content'])\n",
    "    # max_features 조정 가능\n",
    "    tfidf = TfidfVectorizer(max_features=200)\n",
    "    tfidf_mat = tfidf.fit_transform(doc).toarray()\n",
    "    \n",
    "    sim = cosine_similarity(tfidf_mat, tfidf_mat)\n",
    "    print(sim)\n",
    "    print(sim.shape)\n",
    "    \n",
    "    sim_scores = list(enumerate(sim[count_idx2]))\n",
    "    print(sim_scores)\n",
    "    \n",
    "    # 유사도가 높은 순서대로 정렬\n",
    "    sim_scores = sorted(sim_scores, key=lambda x: x[1], reverse=True)\n",
    "    \n",
    "    # 상위 인덱스와 유사도 추출\n",
    "    sim_scores = sim_scores[1:6]\n",
    "    print(sim_scores)\n",
    "    \n",
    "    # 원하는 기사와 유사한 기사들의 인덱스를 구함\n",
    "    news_index = [i[0] for i in sim_scores]\n",
    "    result_title = df['title'].iloc[news_index]\n",
    "    print(df['title'].iloc[count_idx2])\n",
    "    print(result_title)\n",
    "    \n",
    "    # df에서 기사들의 인덱스를 이용하여 count를 구함\n",
    "    result_count = df['count'].iloc[news_index].tolist()\n",
    "    print(result_count)\n",
    "    print(type(result_count))\n",
    "    \n",
    "    return result_count\n",
    "\n",
    "import numpy as np\n",
    "import pandas as pd\n",
    "import pymysql\n",
    "from sklearn.feature_extraction.text import TfidfVectorizer\n",
    "from sklearn.metrics.pairwise import cosine_similarity\n",
    "\n",
    "conn = pymysql.connect(host='newdb.c7p2ncpgik7h.ap-northeast-2.rds.amazonaws.com', user='admin', password='1dlckdals!',\n",
    "                       db='TEST1', charset='utf8')\n",
    "curs = conn.cursor()\n",
    "\n",
    "cosine_sim(53)"
   ]
  },
  {
   "cell_type": "code",
   "execution_count": null,
   "id": "ab0da0fc",
   "metadata": {},
   "outputs": [],
   "source": [
    "def cosine_sim(count):\n",
    "    # db에서 모든 기사 count, 내용 가져오기\n",
    "    db = 'NEWS1000'\n",
    "    SQL='SELECT COUNT, TITLE, CATEGORY, COMPANY FROM '+ db + ';'\n",
    "    curs.execute(SQL)\n",
    "    temp=curs.fetchall()\n",
    "    df = pd.DataFrame(list(temp), columns=['count', 'title', 'category', 'content'])\n",
    "    \n",
    "    # count에 해당하는 기사 카테고리 가져오기\n",
    "    count_idx = (df[df['count']==count].index.tolist())[0]\n",
    "    this_category = df.loc[count_idx,'category']\n",
    "    \n",
    "    # 같은 카테고리 기사로 추천 범위를 좁힘\n",
    "    diff_category = df[df['category'] != this_category].index\n",
    "    df = df.drop(diff_category)\n",
    "    \n",
    "    # 열'count'의 값이 count인 기사의 행 번호 가져오기\n",
    "    df.reset_index(drop = True, inplace = True)\n",
    "    count_idx2 = df.index[df['count'] == count].tolist()[0]\n",
    "    \n",
    "    # doc: 기사 본문(문서)\n",
    "    # tfidf_mat: 문서들을 벡터화함\n",
    "    doc = list(df['content'])\n",
    "    # max_features 조정 가능\n",
    "    tfidf = TfidfVectorizer(max_features=300)\n",
    "    tfidf_mat = tfidf.fit_transform(doc).toarray()\n",
    "    \n",
    "    sim = cosine_similarity(tfidf_mat, tfidf_mat)\n",
    "    \n",
    "    sim_scores = list(enumerate(sim[count_idx2]))\n",
    "    \n",
    "    # 유사도가 높은 순서대로 정렬\n",
    "    sim_scores = sorted(sim_scores, key=lambda x: x[1], reverse=True)\n",
    "    \n",
    "    # 상위 인덱스와 유사도 추출\n",
    "    sim_scores = sim_scores[1:6]\n",
    "    \n",
    "    # 원하는 기사와 유사한 기사들의 인덱스를 구함\n",
    "    news_index = [i[0] for i in sim_scores]\n",
    "    result_title = df['title'].iloc[news_index]\n",
    "    \n",
    "    # df에서 기사들의 인덱스를 이용하여 count를 구함\n",
    "    result_count = df['count'].iloc[news_index].tolist()\n",
    "    \n",
    "    return result_count\n",
    "\n",
    "import numpy as np\n",
    "import pandas as pd\n",
    "import pymysql\n",
    "from sklearn.feature_extraction.text import TfidfVectorizer\n",
    "from sklearn.metrics.pairwise import cosine_similarity\n",
    "\n",
    "conn = pymysql.connect(host='newdb.c7p2ncpgik7h.ap-northeast-2.rds.amazonaws.com', user='admin', password='1dlckdals!',\n",
    "                       db='TEST1', charset='utf8')\n",
    "curs = conn.cursor()\n",
    "\n",
    "cosine_sim(100)"
   ]
  }
 ],
 "metadata": {
  "kernelspec": {
   "display_name": "Python 3",
   "language": "python",
   "name": "python3"
  },
  "language_info": {
   "codemirror_mode": {
    "name": "ipython",
    "version": 3
   },
   "file_extension": ".py",
   "mimetype": "text/x-python",
   "name": "python",
   "nbconvert_exporter": "python",
   "pygments_lexer": "ipython3",
   "version": "3.8.5"
  }
 },
 "nbformat": 4,
 "nbformat_minor": 5
}
